0.000000000000000000000000000000000000000000000000000000000000000000000000000000000	                                                                                0
0.125333233564304258322863461216911673545837402343750000000000000000000000000000000	                                                                                0
0.248689887164854794843193985798279754817485809326171875000000000000000000000000000	                                                                                0
0.368124552684677974756510820952826179563999176025390625000000000000000000000000000	                                                                                0
0.481753674101715323452310713037149980664253234863281250000000000000000000000000000	                                                                                0
0.587785252292473137103456792829092592000961303710937500000000000000000000000000000	                                                                                1
0.684547105928688726095288075157441198825836181640625000000000000000000000000000000	                                                                                1
0.770513242775789253258267308410722762346267700195312500000000000000000000000000000	                                                                                1
0.844327925502015075309714120521675795316696166992187500000000000000000000000000000	                                                                                1
0.904827052466019465803981347562512382864952087402343750000000000000000000000000000	                                                                                1
0.951056516295153531181938433292089030146598815917968750000000000000000000000000000	                                                                                1
0.982287250728688721146397710981545969843864440917968750000000000000000000000000000	                                                                                1
0.998026728428271558968276622181292623281478881835937500000000000000000000000000000	                                                                                1
0.998026728428271558968276622181292623281478881835937500000000000000000000000000000	                                                                                1
0.982287250728688721146397710981545969843864440917968750000000000000000000000000000	                                                                                1
0.951056516295153531181938433292089030146598815917968750000000000000000000000000000	                                                                                1
0.904827052466019465803981347562512382864952087402343750000000000000000000000000000	                                                                                1
0.844327925502014964287411658006021752953529357910156250000000000000000000000000000	                                                                                1
0.770513242775789253258267308410722762346267700195312500000000000000000000000000000	                                                                                1
0.684547105928688504050683150126133114099502563476562500000000000000000000000000000	                                                                                1
0.587785252292473248125759255344746634364128112792968750000000000000000000000000000	                                                                                1
0.481753674101715212430008250521495938301086425781250000000000000000000000000000000	                                                                                0
0.368124552684677697200754664663691073656082153320312500000000000000000000000000000	                                                                                0
0.248689887164854794843193985798279754817485809326171875000000000000000000000000000	                                                                                0
0.125333233564304091789409767443430610001087188720703125000000000000000000000000000	                                                                                0
-0.000000000000000321624529935327468015399281386820898353054443141729734634282067418	                                                                               -0
-0.125333233564304313834014692474738694727420806884765625000000000000000000000000000	                                                                               -0
-0.248689887164855016887798910829587839543819427490234375000000000000000000000000000	                                                                               -0
-0.368124552684678363334569439757615327835083007812500000000000000000000000000000000	                                                                               -0
-0.481753674101715378963461944294977001845836639404296875000000000000000000000000000	                                                                               -0
-0.587785252292473359148061717860400676727294921875000000000000000000000000000000000	                                                                               -1
-0.684547105928688726095288075157441198825836181640625000000000000000000000000000000	                                                                               -1
-0.770513242775789253258267308410722762346267700195312500000000000000000000000000000	                                                                               -1
-0.844327925502015297354319045552983880043029785156250000000000000000000000000000000	                                                                               -1
-0.904827052466019798870888735109474509954452514648437500000000000000000000000000000	                                                                               -1
-0.951056516295153531181938433292089030146598815917968750000000000000000000000000000	                                                                               -1
-0.982287250728688721146397710981545969843864440917968750000000000000000000000000000	                                                                               -1
-0.998026728428271558968276622181292623281478881835937500000000000000000000000000000	                                                                               -1
-0.998026728428271558968276622181292623281478881835937500000000000000000000000000000	                                                                               -1
-0.982287250728688610124095248465891927480697631835937500000000000000000000000000000	                                                                               -1
-0.951056516295153642204240895807743072509765625000000000000000000000000000000000000	                                                                               -1
-0.904827052466019465803981347562512382864952087402343750000000000000000000000000000	                                                                               -1
-0.844327925502015075309714120521675795316696166992187500000000000000000000000000000	                                                                               -1
-0.770513242775789031213662383379414677619934082031250000000000000000000000000000000	                                                                               -1
-0.684547105928688282006078225094825029373168945312500000000000000000000000000000000	                                                                               -1
-0.587785252292472581991944480250822380185127258300781250000000000000000000000000000	                                                                               -1
-0.481753674101715323452310713037149980664253234863281250000000000000000000000000000	                                                                               -0
-0.368124552684677808223057127179345116019248962402343750000000000000000000000000000	                                                                               -0
-0.248689887164854489531862213880231138318777084350585937500000000000000000000000000	                                                                               -0
-0.125333233564303786478077995525381993502378463745117187500000000000000000000000000	                                                                               -0
